4294967278,132
4294967278,131
4294967278,130
4294967278,129
4294967278,128
4294967278,127
4294967278,126
4294967278,125
4294967278,124
4294967278,123
4294967278,122
4294967278,121
4294967278,120
4294967278,119
4294967278,118
4294967278,117
4294967278,116
4294967278,115
4294967278,114
4294967278,113
4294967278,112
4294967278,111
4294967278,110
4294967278,109
4294967278,108
4294967278,107
4294967278,106
4294967278,105
4294967278,104
4294967278,103
4294967278,102
4294967278,101
4294967278,100
4294967278,99
4294967278,98
4294967278,97
4294967278,96
4294967278,95
4294967278,94
4294967278,93
4294967278,92
4294967278,91
4294967278,90
4294967278,89
4294967278,87
4294967278,86
4294967278,85
4294967278,84
4294967278,83
4294967278,82
4294967278,81
4294967278,80
4294967278,79
4294967278,78
4294967278,77
4294967278,76
4294967278,75
4294967278,74
4294967278,73
4294967278,72
4294967278,71
4294967278,70
4294967278,69
4294967278,68
4294967278,67
4294967278,66
4294967278,345
4294967278,65
4294967278,368
4294967278,64
4294967278,447
4294967278,63
4294967278,446
4294967278,62
4294967278,312
4294967278,61
4294967278,407
4294967278,60
4294967278,59
4294967278,58
4294967278,308
4294967278,57
4294967278,307
4294967278,56
4294967278,445
4294967278,55
4294967278,444
4294967278,54
4294967278,304
4294967278,53
4294967278,303
4294967278,52
4294967278,302
4294967278,51
4294967278,301
4294967278,50
4294967278,344
4294967278,49
4294967278,367
4294967278,48
4294967278,47
4294967278,46
4294967278,355
4294967278,45
4294967278,343
4294967278,44
4294967278,366
4294967278,43
4294967278,42
4294967278,443
4294967278,41
4294967278,354
4294967278,40
4294967278,342
4294967278,39
4294967278,365
4294967278,38
4294967278,442
4294967278,37
4294967278,441
4294967278,36
4294967278,353
4294967278,35
4294967278,295
4294967278,34
4294967278,364
4294967278,33
4294967278,440
4294967278,32
4294967278,439
4294967278,31
4294967278,352
4294967278,30
4294967278,288
4294967278,29
4294967278,285
4294967278,28
4294967278,287
4294967278,27
4294967278,438
4294967278,26
4294967278,137
4294967278,25
4294967278,260
4294967278,0
4294967278,348
4294967279,450
4294967279,319
4294967279,86
4294967279,409
4294967279,85
4294967279,84
4294967279,83
4294967279,82
4294967279,405
4294967279,81
4294967279,80
4294967279,79
4294967279,315
4294967279,78
4294967279,77
4294967279,404
4294967279,76
4294967279,75
4294967279,469
4294967279,74
4294967279,468
4294967279,73
4294967279,72
4294967279,71
4294967279,467
4294967279,70
4294967279,466
4294967279,69
4294967279,439
4294967279,68
4294967279,67
4294967279,437
4294967279,66
4294967279,65
4294967279,465
4294967279,64
4294967279,63
4294967279,62
4294967279,61
4294967279,60
4294967279,433
4294967279,59
4294967279,307
4294967279,58
4294967279,57
4294967279,463
4294967279,56
4294967279,55
4294967279,427
4294967279,54
4294967279,53
4294967279,432
4294967279,52
4294967279,304
4294967279,51
4294967279,50
4294967279,49
4294967279,48
4294967279,47
4294967279,431
4294967279,46
4294967279,45
4294967279,44
4294967279,300
4294967279,43
4294967279,42
4294967279,41
4294967279,40
4294967279,39
4294967279,38
4294967279,37
4294967279,36
4294967279,297
4294967279,35
4294967279,34
4294967279,33
4294967279,32
4294967279,31
4294967279,30
4294967279,29
4294967279,28
4294967279,27
4294967279,138
4294967279,26
4294967279,278
4294967279,277
4294967279,24
4294967279,88
4294967279,134
4294967279,22
4294967279,21
4294967279,413
4294967279,20
4294967279,396
4294967279,19
4294967279,426
4294967279,18
4294967279,289
4294967279,17
4294967279,16
4294967279,430
4294967279,15
4294967279,395
4294967279,14
4294967279,268
4294967279,13
4294967279,12
4294967279,286
4294967279,11
4294967279,10
4294967279,9
4294967279,260
4294967279,8
4294967279,7
4294967279,6
4294967279,5
4294967279,4
4294967294,1792
4294967294,990
4294967294,971
4294967294,1224
4294967294,857
4294967294,1217
4294967294,1536
4294967294,413
4294967294,1587
4294967294,1218
4294967294,989
4294967294,1816
4294967294,1815
4294967294,1222
4294967294,1588
4294967294,186
4294967294,1811
4294967294,1805
4294967294,1818
4294967294,9
4294967294,1122
4294967294,1121
4294967294,1120
4294967294,1119
4294967294,1118
4294967294,1817
4294967294,1117
4294967294,1115
4294967294,1116
4294967294,1114
4294967294,1112
4294967294,1111
4294967294,1110
4294967294,1109
4294967294,1113
4294967294,1107
4294967294,1106
4294967294,1105
4294967294,1104
4294967294,1103
4294967294,1102
4294967294,1101
4294967294,1100
4294967294,1099
4294967294,1098
4294967294,1108
4294967294,1096
4294967294,1095
4294967294,1097
4294967294,1093
4294967294,1094
4294967294,1814
4294967294,1813
4294967294,1092
4294967294,1091
4294967294,1812
4294967294,1090
4294967294,66
4294967294,65
4294967294,64
4294967294,63
4294967294,62
4294967294,1012
4294967294,60
4294967294,61
4294967294,57
4294967294,55
4294967294,56
4294967294,1810
4294967294,1807
4294967294,53
4294967294,54
4294967294,1589
4294967294,1016
4294967294,45
4294967294,1175
4294967294,44
4294967294,103
4294967294,102
4294967294,101
4294967294,100
4294967294,97
4294967294,98
1,3
1,0
4294967294,104
4294967294,105
4294967294,1808
4294967294,320
4294967294,575
4294967294,574
4294967294,573
4294967294,572
4294967294,570
4294967294,571
4294967294,569
4294967294,568
4294967294,567
4294967294,566
4294967294,565
4294967294,564
4294967294,563
4294967294,562
4294967294,561
4294967294,560
4294967294,4
4294967294,31
4294967294,36
4294967294,39
4294967294,114
4294967294,165
4294967294,111
4294967294,833
4294967294,875
4294967294,874
4294967294,869
4294967294,1555
4294967294,1797
4294967294,7
4294967294,6
4294967294,120
4294967294,470
4294967294,1035
4294967294,865
4294967294,604
4294967294,1020
4294967294,960
4294967294,107
4294967294,1794
4294967294,1842
